PS C:\Users\crist\OneDrive\Documentos\TP1SW2\src\chatGPT> multimetric python_chatGPT.py
{
  "files": {
    "C:\\Users\\crist\\OneDrive\\Documentos\\TP1SW2\\src\\chatGPT\\python_chatGPT.py": {
      "comment_ratio": 35.94839609483961,
      "cyclomatic_complexity": 2,
      "fanout_external": 2,
      "fanout_internal": 0,
      "halstead_bugprop": 0.5268273412406136,
      "halstead_difficulty": 13.291044776119403,
      "halstead_effort": 21006.257345138794,
      "halstead_timerequired": 1167.0142969521553,
      "halstead_volume": 1580.4820237218407,
      "lang": [
        "Python"
      ],
      "loc": 1,
      "operands_sum": 137,
      "operands_uniq": 67,
      "operators_sum": 113,
      "operators_uniq": 13
    }
  },
  "overall": {
    "comment_ratio": 35.94839609483961,
    "cyclomatic_complexity": 2,
    "fanout_external": 2,
    "fanout_internal": 0,
    "halstead_bugprop": 0.5268273412406136,
    "halstead_difficulty": 13.291044776119403,
    "halstead_effort": 21006.257345138794,
    "halstead_timerequired": 1167.0142969521553,
    "halstead_volume": 1580.4820237218407,
    "loc": 1,
    "maintainability_index": 100,
    "operands_sum": 137,
    "operands_uniq": 67,
    "operators_sum": 113,
    "operators_uniq": 13,
    "pylint": 100.0,
    "tiobe": 99.32835820895522,
    "tiobe_compiler": 100.0,
    "tiobe_complexity": 95.5223880597015,
    "tiobe_coverage": 100.0,
    "tiobe_duplication": 100.0,
    "tiobe_fanout": 100.0,
    "tiobe_functional": 100.0,
    "tiobe_security": 100.0,
    "tiobe_standard": 100.0
  },
  "stats": {
    "max": {
      "comment_ratio": 35.94839609483961,
      "cyclomatic_complexity": 2,
      "fanout_external": 2,
      "fanout_internal": 0,
      "halstead_bugprop": 0.5268273412406136,
      "halstead_difficulty": 13.291044776119403,
      "halstead_effort": 21006.257345138794,
      "halstead_timerequired": 1167.0142969521553,
      "halstead_volume": 1580.4820237218407,
      "loc": 1,
      "operands_sum": 137,
      "operands_uniq": 67,
      "operators_sum": 113,
      "operators_uniq": 13
    },
    "mean": {
      "comment_ratio": 35.94839609483961,
      "cyclomatic_complexity": 2,
      "fanout_external": 2,
      "fanout_internal": 0,
      "halstead_bugprop": 0.5268273412406136,
      "halstead_difficulty": 13.291044776119403,
      "halstead_effort": 21006.257345138794,
      "halstead_timerequired": 1167.0142969521553,
      "halstead_volume": 1580.4820237218407,
      "loc": 1,
      "operands_sum": 137,
      "operands_uniq": 67,
      "operators_sum": 113,
      "operators_uniq": 13
    },
    "median": {
      "comment_ratio": 35.94839609483961,
      "cyclomatic_complexity": 2,
      "fanout_external": 2,
      "fanout_internal": 0,
      "halstead_bugprop": 0.5268273412406136,
      "halstead_difficulty": 13.291044776119403,
      "halstead_effort": 21006.257345138794,
      "halstead_timerequired": 1167.0142969521553,
      "halstead_volume": 1580.4820237218407,
      "loc": 1,
      "operands_sum": 137,
      "operands_uniq": 67,
      "operators_sum": 113,
      "operators_uniq": 13
    },
    "min": {
      "comment_ratio": 35.94839609483961,
      "cyclomatic_complexity": 2,
      "fanout_external": 2,
      "fanout_internal": 0,
      "halstead_bugprop": 0.5268273412406136,
      "halstead_difficulty": 13.291044776119403,
      "halstead_effort": 21006.257345138794,
      "halstead_timerequired": 1167.0142969521553,
      "halstead_volume": 1580.4820237218407,
      "loc": 1,
      "operands_sum": 137,
      "operands_uniq": 67,
      "operators_sum": 113,
      "operators_uniq": 13
    }
  }
}